--discord.gg/boronide, code generated using luamin.js™



if game.CoreGui:FindFirstChild("SOMEXHUBMODILE")then game.CoreGui:FindFirstChild("SOMEXHUBMODILE"):Destroy()end;local a=Instance.new("ScreenGui")local b=Instance.new("TextButton")local c=Instance.new("UICorner")local d=Instance.new("ImageLabel")a.Name="SOMEXHUBMODILE"a.Parent=game.CoreGui;a.ZIndexBehavior=Enum.ZIndexBehavior.Sibling;b.Name="MODILEGUISOMEXHUB"b.Parent=a;b.BackgroundColor3=Color3.fromRGB(30,20,20)b.BorderSizePixel=0;b.Position=UDim2.new(0.120833337,0,0.0952890813,0)b.Size=UDim2.new(0,50,0,50)b.Font=Enum.Font.SourceSans;b.Text="X"b.TextColor3=Color3.fromRGB(255,255,255)b.TextSize=14.000;b.Draggable=true;b.MouseButton1Click:Connect(function()game.CoreGui:FindFirstChild("SOMEXHUB").Enabled=not game.CoreGui:FindFirstChild("SOMEXHUB").Enabled end)do if game:GetService("CoreGui"):FindFirstChild("SOMEXHUB")then end end;c.Name="MODILEGUISOMEXHUBHUI"c.Parent=b;d.Name="MODILEMAGE"d.Parent=b;d.BackgroundColor3=Color3.fromRGB(255,255,255)d.BackgroundTransparency=1.000;d.BorderSizePixel=0;d.Position=UDim2.new(0,3,0,2)d.Size=UDim2.new(0,45,0,45)d.Image="rbxassetid://18275919283"do local a=game.CoreGui:FindFirstChild("SOMEXHUB")if a then a:Destroy()end;if _G.Color==nil then _G.Color=Color3.fromRGB(255,0,0)end end;local a=game:GetService("UserInputService")local b=game:GetService("TweenService")local function c(c,d)local e=nil;local f=nil;local g=nil;local h=nil;local function i(a)local a=a.Position-g;local a=UDim2.new(h.X.Scale,h.X.Offset+a.X,h.Y.Scale,h.Y.Offset+a.Y)local a=b:Create(d,TweenInfo.new(0.15),{Position=a})a:Play()end;c.InputBegan:Connect(function(a)if a.UserInputType==Enum.UserInputType.MouseButton1 or a.UserInputType==Enum.UserInputType.Touch then e=true;g=a.Position;h=d.Position;a.Changed:Connect(function()if a.UserInputState==Enum.UserInputState.End then e=false end end)end end)c.InputChanged:Connect(function(a)if a.UserInputType==Enum.UserInputType.MouseMovement or a.UserInputType==Enum.UserInputType.Touch then f=a end end)a.InputChanged:Connect(function(a)if a==f and e then i(a)end end)end;local d={}function d:Window(d,e,f)local g=false;local h=false;local e=e or 0;local e=""local f=f or Enum.KeyCode.RightControl;local f=string.gsub(tostring(f),"Enum.KeyCode.","")local i=Instance.new("ScreenGui")i.Name="SOMEXHUB"i.Parent=game.CoreGui;i.ZIndexBehavior=Enum.ZIndexBehavior.Sibling;local j=Instance.new("Frame")j.Name="Main"j.Parent=i;j.ClipsDescendants=true;j.AnchorPoint=Vector2.new(0.5,0.5)j.BackgroundColor3=Color3.fromRGB(45,45,45)j.Position=UDim2.new(0.5,0,0.5,0)j.Size=UDim2.new(0,0,0,0)j:TweenSize(UDim2.new(0,656,0,350),"Out","Quad",0.4,true)local i=Instance.new("Frame")i.Name="Top"i.Parent=j;i.BackgroundColor3=Color3.fromRGB(35,35,35)i.Size=UDim2.new(0,656,0,27)local k=Instance.new("TextLabel")k.Name="Name"k.Parent=i;k.BackgroundColor3=Color3.fromRGB(255,255,255)k.BackgroundTransparency=1.000;k.Position=UDim2.new(0.0609756112,-25,0,0)k.Size=UDim2.new(0,61,0,27)k.Font=Enum.Font.GothamSemibold;k.Text=d;k.TextColor3=Color3.fromRGB(225,225,225)k.TextSize=17.000;local d=Instance.new("TextLabel")d.Name="Hub"d.Parent=i;d.BackgroundColor3=Color3.fromRGB(255,0,0)d.BackgroundTransparency=1.000;d.Position=UDim2.new(0,85,0,0)d.Size=UDim2.new(0,81,0,27)d.Font=Enum.Font.GothamSemibold;d.Text=" HUB | BF MOBILE OR PC"d.TextColor3=_G.Color;d.TextSize=17.000;d.TextXAlignment=Enum.TextXAlignment.Left;local d=Instance.new("TextLabel")d.Name="Hubb"d.Parent=i;d.BackgroundColor3=Color3.fromRGB(255,0,0)d.BackgroundTransparency=1.000;d.Position=UDim2.new(0,480,0,0)d.Size=UDim2.new(0,81,0,27)d.Font=Enum.Font.GothamSemibold;d.Text="VERSION : FREE"d.TextColor3=_G.Color;d.TextSize=17.000;d.TextXAlignment=Enum.TextXAlignment.Left;local d=Instance.new("Frame")d.Name="Tab"d.Parent=j;d.BackgroundColor3=Color3.fromRGB(35,35,35)d.BackgroundTransparency=1.000;d.Position=UDim2.new(0,5,0,30)d.Size=UDim2.new(0,150,0,350)local k=Instance.new("ImageLabel")k.Name="LogoHub"k.Parent=d;k.BackgroundColor3=Color3.fromRGB(255,255,255)k.BackgroundTransparency=1.000;k.Position=UDim2.new(0,0,0,1)k.Size=UDim2.new(0,150,0,150)k.Image="http://www.roblox.com/asset/?id="..tostring(9614132122)local k=Instance.new("ScrollingFrame")k.Name="ScrollTab"k.Parent=d;k.Active=true;k.BackgroundColor3=Color3.fromRGB(255,255,255)k.BackgroundTransparency=1.000;k.Size=UDim2.new(0,150,0,365)k.CanvasSize=UDim2.new(0,0,0,0)k.ScrollBarThickness=0;local d=Instance.new("UIListLayout")d.Name="PLL"d.Parent=k;d.SortOrder=Enum.SortOrder.LayoutOrder;d.Padding=UDim.new(0,15)local l=Instance.new("UIPadding")l.Name="PPD"l.Parent=k;l.PaddingLeft=UDim.new(0,10)l.PaddingTop=UDim.new(0,10)local l=Instance.new("Frame")l.Name="Page"l.Parent=j;l.BackgroundColor3=Color3.fromRGB(35,35,35)l.Position=UDim2.new(0.245426834,0,0.075000003,0)l.Size=UDim2.new(0,490,0,365)local m=Instance.new("Frame")m.Name="MainPage"m.Parent=l;m.ClipsDescendants=true;m.BackgroundColor3=Color3.fromRGB(255,255,255)m.BackgroundTransparency=1.000;m.Size=UDim2.new(0,490,0,365)local l=Instance.new("Folder")l.Name="PageList"l.Parent=m;local m=Instance.new("UIPageLayout")m.Parent=l;m.SortOrder=Enum.SortOrder.LayoutOrder;m.EasingDirection=Enum.EasingDirection.InOut;m.EasingStyle=Enum.EasingStyle.Quad;m.FillDirection=Enum.FillDirection.Vertical;m.Padding=UDim.new(0,15)m.TweenTime=0.400;m.GamepadInputEnabled=false;m.ScrollWheelInputEnabled=false;m.TouchInputEnabled=false;c(i,j)a.InputBegan:Connect(function(a)if a.KeyCode==Enum.KeyCode[f]then if g==false then g=true;j:TweenSize(UDim2.new(0,0,0,0),"In","Quad",0.4,true)else g=false;j:TweenSize(UDim2.new(0,656,0,350),"Out","Quad",0.4,true)end end end)local a={}function a:Tab(a,c)local c=c;local f=Instance.new("TextButton")f.Parent=k;f.Name=a.."Server"f.Text=a;f.BackgroundColor3=Color3.fromRGB(35,35,35)f.BackgroundTransparency=0.150;f.Size=UDim2.new(0,130,0,23)f.Font=Enum.Font.GothamSemibold;f.TextColor3=Color3.fromRGB(225,225,225)f.TextSize=15.000;f.TextTransparency=0.500;local g=Instance.new("ImageLabel")g.Name="PageImage"g.Parent=f;g.BackgroundColor3=Color3.fromRGB(255,255,255)g.BackgroundTransparency=1.000;g.Position=UDim2.new(0,5,0,5)g.Size=UDim2.new(0,15,0,15)g.Image="rbxassetid://"..tostring(c)local c=Instance.new("ScrollingFrame")c.Name=a.."_Page"c.Parent=l;c.Active=true;c.BackgroundColor3=Color3.fromRGB(255,255,255)c.BackgroundTransparency=1.000;c.BorderSizePixel=0;c.Size=UDim2.new(0,490,0,365)c.CanvasSize=UDim2.new(0,0,0,0)c.ScrollBarThickness=0;local a=Instance.new("UIPadding")local g=Instance.new("UIListLayout")a.Parent=c;a.PaddingLeft=UDim.new(0,10)a.PaddingTop=UDim.new(0,10)g.Padding=UDim.new(0,15)g.Parent=c;g.SortOrder=Enum.SortOrder.LayoutOrder;f.MouseButton1Click:Connect(function()for a,a in next,k:GetChildren()do if a:IsA("TextButton")then b:Create(a,TweenInfo.new(0.3,Enum.EasingStyle.Quad,Enum.EasingDirection.Out),{TextTransparency=0.5}):Play()end;b:Create(f,TweenInfo.new(0.3,Enum.EasingStyle.Quad,Enum.EasingDirection.Out),{TextTransparency=0}):Play()end;for a,a in next,l:GetChildren()do e=string.gsub(f.Name,"Server","").."_Page"if a.Name==e then m:JumpTo(a)end end end)if h==false then for a,a in next,k:GetChildren()do if a:IsA("TextButton")then b:Create(a,TweenInfo.new(0.3,Enum.EasingStyle.Quad,Enum.EasingDirection.Out),{TextTransparency=0.5}):Play()end;b:Create(f,TweenInfo.new(0.3,Enum.EasingStyle.Quad,Enum.EasingDirection.Out),{TextTransparency=0}):Play()end;m:JumpToIndex(1)h=true end;game:GetService("RunService").Stepped:Connect(function()pcall(function()c.CanvasSize=UDim2.new(0,0,0,g.AbsoluteContentSize.Y+20)k.CanvasSize=UDim2.new(0,0,0,d.AbsoluteContentSize.Y+20)end)end)local a={}function a:Button(a,d)local e=Instance.new("Frame")local f=Instance.new("UICorner")local g=Instance.new("TextButton")local h=Instance.new("UICorner")local i=Instance.new("Frame")local j=Instance.new("ImageLabel")local j=Instance.new("UICorner")e.Name="Button"e.Parent=c;e.BackgroundColor3=_G.Color;e.Size=UDim2.new(0,470,0,31)f.CornerRadius=UDim.new(0,5)f.Parent=e;g.Name="TextBtn"g.Parent=e;g.BackgroundColor3=Color3.fromRGB(45,45,45)g.Position=UDim2.new(0,1,0,1)g.Size=UDim2.new(0,468,0,29)g.AutoButtonColor=false;g.Font=Enum.Font.GothamSemibold;g.Text=a;g.TextColor3=Color3.fromRGB(225,225,225)g.TextSize=15.000;h.CornerRadius=UDim.new(0,5)h.Parent=g;i.Name="Black"i.Parent=e;i.BackgroundColor3=Color3.fromRGB(0,0,0)i.BackgroundTransparency=1.000;i.BorderSizePixel=0;i.Position=UDim2.new(0,1,0,1)i.Size=UDim2.new(0,468,0,29)j.CornerRadius=UDim.new(0,5)j.Parent=i;g.MouseEnter:Connect(function()b:Create(i,TweenInfo.new(0.4,Enum.EasingStyle.Quad,Enum.EasingDirection.Out),{BackgroundTransparency=0.7}):Play()end)g.MouseLeave:Connect(function()b:Create(i,TweenInfo.new(0.4,Enum.EasingStyle.Quad,Enum.EasingDirection.Out),{BackgroundTransparency=1}):Play()end)g.MouseButton1Click:Connect(function()g.TextSize=0;b:Create(g,TweenInfo.new(0.4,Enum.EasingStyle.Quad,Enum.EasingDirection.Out),{TextSize=15}):Play()d()end)end;function a:Toggle(a,d,e)d=d or false;local f=d;local g=Instance.new("Frame")local h=Instance.new("UICorner")local i=Instance.new("TextButton")local j=Instance.new("UICorner")local k=Instance.new("TextLabel")local l=Instance.new("Frame")local m=Instance.new("UICorner")local n=Instance.new("Frame")local o=Instance.new("ImageLabel")local o=Instance.new("UICorner")g.Name="Toggle"g.Parent=c;g.BackgroundColor3=_G.Color;g.Size=UDim2.new(0,470,0,31)h.CornerRadius=UDim.new(0,5)h.Parent=g;i.Name="Button"i.Parent=g;i.BackgroundColor3=Color3.fromRGB(45,45,45)i.Position=UDim2.new(0,1,0,1)i.Size=UDim2.new(0,468,0,29)i.AutoButtonColor=false;i.Font=Enum.Font.SourceSans;i.Text=""i.TextColor3=Color3.fromRGB(0,0,0)i.TextSize=11.000;j.CornerRadius=UDim.new(0,5)j.Parent=i;k.Name="Label"k.Parent=g;k.BackgroundColor3=Color3.fromRGB(255,255,255)k.BackgroundTransparency=1.000;k.Position=UDim2.new(0,1,0,1)k.Size=UDim2.new(0,468,0,29)k.Font=Enum.Font.GothamSemibold;k.Text=a;k.TextColor3=Color3.fromRGB(225,225,225)k.TextSize=15.000;l.Name="ToggleImage"l.Parent=g;l.BackgroundColor3=Color3.fromRGB(225,225,225)l.Position=UDim2.new(0,415,0,5)l.Size=UDim2.new(0,45,0,20)m.CornerRadius=UDim.new(0,10)m.Parent=l;local a=Instance.new("TextLabel")a.Name="tggc"a.Parent=g;a.BackgroundColor3=Color3.fromRGB(255,255,255)a.BackgroundTransparency=1.000;a.Position=UDim2.new(0,40,0,3)a.Size=UDim2.new(0,81,0,27)a.Font=Enum.Font.GothamSemibold;a.Text="|"a.TextColor3=_G.Color;a.TextSize=26.000;a.TextXAlignment=Enum.TextXAlignment.Left;local a=Instance.new("ImageLabel")a.Name="LogoToggle"a.Parent=g;a.BackgroundColor3=Color3.fromRGB(255,255,255)a.BackgroundTransparency=1.000;a.Position=UDim2.new(0,7,0,2)a.Size=UDim2.new(0,26,0,26)a.Image="http://www.roblox.com/asset/?id="..tostring(9614132122)n.Name="Circle"n.Parent=l;n.BackgroundColor3=Color3.fromRGB(227,60,60)n.Position=UDim2.new(0,2,0,2)n.Size=UDim2.new(0,16,0,16)o.CornerRadius=UDim.new(0,10)o.Parent=n;i.MouseButton1Click:Connect(function()if f==false then f=true;n:TweenPosition(UDim2.new(0,27,0,2),"Out","Sine",0.2,true)b:Create(n,TweenInfo.new(0.4,Enum.EasingStyle.Quad,Enum.EasingDirection.Out),{BackgroundColor3=_G.Color}):Play()else f=false;n:TweenPosition(UDim2.new(0,2,0,2),"Out","Sine",0.2,true)b:Create(n,TweenInfo.new(0.4,Enum.EasingStyle.Quad,Enum.EasingDirection.Out),{BackgroundColor3=Color3.fromRGB(227,60,110)}):Play()end;pcall(e,f)end)if d==true then f=true;n:TweenPosition(UDim2.new(0,27,0,2),"Out","Sine",0.4,true)b:Create(n,TweenInfo.new(0.4,Enum.EasingStyle.Quad,Enum.EasingDirection.Out),{BackgroundColor3=_G.Color}):Play()pcall(e,f)end end;function a:Dropdown(a,d,e)local f=false;local g=Instance.new("Frame")local h=Instance.new("UICorner")local i=Instance.new("TextLabel")local j=Instance.new("ScrollingFrame")local k=Instance.new("UIListLayout")local l=Instance.new("UIPadding")local m=Instance.new("TextButton")local n=Instance.new("ImageLabel")g.Name="Dropdown"g.Parent=c;g.BackgroundColor3=Color3.fromRGB(45,45,45)g.ClipsDescendants=true;g.Size=UDim2.new(0,470,0,31)h.CornerRadius=UDim.new(0,5)h.Parent=g;i.Name="DropTitle"i.Parent=g;i.BackgroundColor3=Color3.fromRGB(255,255,255)i.BackgroundTransparency=1.000;i.Size=UDim2.new(0,470,0,31)i.Font=Enum.Font.GothamSemibold;i.Text=a.." : "i.TextColor3=Color3.fromRGB(225,225,225)i.TextSize=15.000;j.Name="DropScroll"j.Parent=i;j.Active=true;j.BackgroundColor3=Color3.fromRGB(255,255,255)j.BackgroundTransparency=1.000;j.BorderSizePixel=0;j.Position=UDim2.new(0,0,0,31)j.Size=UDim2.new(0,470,0,100)j.CanvasSize=UDim2.new(0,0,0,0)j.ScrollBarThickness=3;k.Parent=j;k.SortOrder=Enum.SortOrder.LayoutOrder;k.Padding=UDim.new(0,5)l.Parent=j;l.PaddingLeft=UDim.new(0,5)l.PaddingTop=UDim.new(0,5)n.Name="DropImage"n.Parent=g;n.BackgroundColor3=Color3.fromRGB(255,255,255)n.BackgroundTransparency=1.000;n.Position=UDim2.new(0,435,0,6)n.Rotation=180.000;n.Size=UDim2.new(0,20,0,20)n.Image="rbxassetid://10162644180"m.Name="DropButton"m.Parent=g;m.BackgroundColor3=Color3.fromRGB(255,255,255)m.BackgroundTransparency=1.000;m.Size=UDim2.new(0,470,0,31)m.Font=Enum.Font.SourceSans;m.Text=""m.TextColor3=Color3.fromRGB(0,0,0)m.TextSize=14.000;for c,c in next,d do local d=Instance.new("TextButton")d.Name="Item"d.Parent=j;d.BackgroundColor3=Color3.fromRGB(255,255,255)d.BackgroundTransparency=1.000;d.Size=UDim2.new(0,460,0,26)d.Font=Enum.Font.GothamSemibold;d.Text=tostring(c)d.TextColor3=Color3.fromRGB(225,225,225)d.TextSize=13.000;d.TextTransparency=0.500;d.MouseEnter:Connect(function()b:Create(d,TweenInfo.new(0.3,Enum.EasingStyle.Quad,Enum.EasingDirection.Out),{TextTransparency=0}):Play()end)d.MouseLeave:Connect(function()b:Create(d,TweenInfo.new(0.3,Enum.EasingStyle.Quad,Enum.EasingDirection.Out),{TextTransparency=0.5}):Play()end)d.MouseButton1Click:Connect(function()f=false;g:TweenSize(UDim2.new(0,470,0,31),"Out","Quad",0.3,true)b:Create(n,TweenInfo.new(0.3,Enum.EasingStyle.Quad,Enum.EasingDirection.Out),{Rotation=180}):Play()e(d.Text)i.Text=a.." : "..d.Text end)end;j.CanvasSize=UDim2.new(0,0,0,k.AbsoluteContentSize.Y+10)m.MouseButton1Click:Connect(function()if f==false then f=true;g:TweenSize(UDim2.new(0,470,0,131),"Out","Quad",0.3,true)b:Create(n,TweenInfo.new(0.3,Enum.EasingStyle.Quad,Enum.EasingDirection.Out),{Rotation=0}):Play()else f=false;g:TweenSize(UDim2.new(0,470,0,31),"Out","Quad",0.3,true)b:Create(n,TweenInfo.new(0.3,Enum.EasingStyle.Quad,Enum.EasingDirection.Out),{Rotation=180}):Play()end end)local c={}function c:Add(c)local d=Instance.new("TextButton")d.Name="Item"d.Parent=j;d.BackgroundColor3=Color3.fromRGB(255,255,255)d.BackgroundTransparency=1.000;d.Size=UDim2.new(0,470,0,26)d.Font=Enum.Font.GothamSemibold;d.Text=tostring(c)d.TextColor3=Color3.fromRGB(225,225,225)d.TextSize=13.000;d.TextTransparency=0.500;d.MouseEnter:Connect(function()b:Create(d,TweenInfo.new(0.3,Enum.EasingStyle.Quad,Enum.EasingDirection.Out),{TextTransparency=0}):Play()end)d.MouseLeave:Connect(function()b:Create(d,TweenInfo.new(0.3,Enum.EasingStyle.Quad,Enum.EasingDirection.Out),{TextTransparency=0.5}):Play()end)d.MouseButton1Click:Connect(function()f=false;g:TweenSize(UDim2.new(0,470,0,31),"Out","Quad",0.3,true)b:Create(n,TweenInfo.new(0.3,Enum.EasingStyle.Quad,Enum.EasingDirection.Out),{Rotation=180}):Play()e(d.Text)i.Text=a.." : "..d.Text end)end;function c:Clear()i.Text=tostring(a).." : "f=false;g:TweenSize(UDim2.new(0,470,0,31),"Out","Quad",0.3,true)b:Create(n,TweenInfo.new(0.3,Enum.EasingStyle.Quad,Enum.EasingDirection.Out),{Rotation=180}):Play()for a,a in next,j:GetChildren()do if a:IsA("TextButton")then a:Destroy()end end end;return c end;function a:Slider(a,b,d,e,f)local g=Instance.new("Frame")local h=Instance.new("UICorner")local i=Instance.new("Frame")local j=Instance.new("UICorner")local k=Instance.new("TextLabel")local l=Instance.new("Frame")local m=Instance.new("TextButton")local n=Instance.new("Frame")local o=Instance.new("Frame")local p=Instance.new("UICorner")local q=Instance.new("UICorner")local r=Instance.new("Frame")local s=Instance.new("UICorner")local t=Instance.new("Frame")local u=Instance.new("UICorner")local v=Instance.new("TextBox")local w=Instance.new("UICorner")g.Name="Slider"g.Parent=c;g.BackgroundColor3=_G.Color;g.BackgroundTransparency=0;g.Size=UDim2.new(0,470,0,51)h.CornerRadius=UDim.new(0,5)h.Name="slidercorner"h.Parent=g;i.Name="sliderr"i.Parent=g;i.BackgroundColor3=Color3.fromRGB(45,45,45)i.Position=UDim2.new(0,1,0,1)i.Size=UDim2.new(0,468,0,49)j.CornerRadius=UDim.new(0,5)j.Name="sliderrcorner"j.Parent=i;k.Name="SliderLabel"k.Parent=i;k.BackgroundColor3=Color3.fromRGB(255,255,255)k.BackgroundTransparency=1.000;k.Position=UDim2.new(0,15,0,0)k.Size=UDim2.new(0,180,0,26)k.Font=Enum.Font.GothamSemibold;k.Text=a;k.TextColor3=Color3.fromRGB(225,225,225)k.TextSize=16.000;k.TextTransparency=0;k.TextXAlignment=Enum.TextXAlignment.Left;l.Name="HAHA"l.Parent=i;l.BackgroundColor3=Color3.fromRGB(255,255,255)l.BackgroundTransparency=1.000;l.Size=UDim2.new(0,468,0,29)m.Name="AHEHE"m.Parent=i;m.BackgroundColor3=Color3.fromRGB(255,255,255)m.BackgroundTransparency=1.000;m.Position=UDim2.new(0,10,0,35)m.Size=UDim2.new(0,448,0,5)m.Font=Enum.Font.SourceSans;m.Text=""m.TextColor3=Color3.fromRGB(0,0,0)m.TextSize=14.000;n.Name="bar"n.Parent=m;n.BackgroundColor3=Color3.fromRGB(35,35,35)n.Size=UDim2.new(0,448,0,5)o.Name="bar1"o.Parent=n;o.BackgroundColor3=_G.Color;o.BackgroundTransparency=0;o.Size=UDim2.new(e/d,0,0,5)p.CornerRadius=UDim.new(0,5)p.Name="bar1corner"p.Parent=o;q.CornerRadius=UDim.new(0,5)q.Name="barcorner"q.Parent=n;r.Name="circlebar"r.Parent=o;r.BackgroundColor3=Color3.fromRGB(225,225,225)r.Position=UDim2.new(1,-2,0,-3)r.Size=UDim2.new(0,10,0,10)s.CornerRadius=UDim.new(0,100)s.Parent=r;t.Name="slidervalue"t.Parent=i;t.BackgroundColor3=_G.Color;t.BackgroundTransparency=0;t.Position=UDim2.new(0,395,0,5)t.Size=UDim2.new(0,65,0,18)u.CornerRadius=UDim.new(0,5)u.Name="valuecorner"u.Parent=t;v.Parent=t;v.BackgroundColor3=Color3.fromRGB(35,35,35)v.Position=UDim2.new(0,1,0,1)v.Size=UDim2.new(0,63,0,16)v.Font=Enum.Font.GothamSemibold;v.TextColor3=Color3.fromRGB(225,225,225)v.TextSize=9.000;v.Text=e;v.TextTransparency=0;w.CornerRadius=UDim.new(0,5)w.Parent=v;local a=game.Players.LocalPlayer:GetMouse()local c=game:GetService("UserInputService")if Value==nil then Value=e;pcall(function()f(Value)end)end;m.MouseButton1Down:Connect(function()Value=math.floor((((tonumber(d)-tonumber(b))/448)*o.AbsoluteSize.X)+tonumber(b))or 0;pcall(function()f(Value)end)o.Size=UDim2.new(0,math.clamp(a.X-o.AbsolutePosition.X,0,448),0,5)r.Position=UDim2.new(0,math.clamp(a.X-o.AbsolutePosition.X-2,0,438),0,-3)moveconnection=a.Move:Connect(function()v.Text=Value;Value=math.floor((((tonumber(d)-tonumber(b))/448)*o.AbsoluteSize.X)+tonumber(b))pcall(function()f(Value)end)o.Size=UDim2.new(0,math.clamp(a.X-o.AbsolutePosition.X,0,448),0,5)r.Position=UDim2.new(0,math.clamp(a.X-o.AbsolutePosition.X-2,0,438),0,-3)end)releaseconnection=c.InputEnded:Connect(function(c)if c.UserInputType==Enum.UserInputType.MouseButton1 then Value=math.floor((((tonumber(d)-tonumber(b))/448)*o.AbsoluteSize.X)+tonumber(b))pcall(function()f(Value)end)o.Size=UDim2.new(0,math.clamp(a.X-o.AbsolutePosition.X,0,448),0,5)r.Position=UDim2.new(0,math.clamp(a.X-o.AbsolutePosition.X-2,0,438),0,-3)moveconnection:Disconnect()releaseconnection:Disconnect()end end)end)releaseconnection=c.InputEnded:Connect(function(a)if a.UserInputType==Enum.UserInputType.MouseButton1 then Value=math.floor((((tonumber(d)-tonumber(b))/448)*o.AbsoluteSize.X)+tonumber(b))v.Text=Value end end)v.FocusLost:Connect(function()if tonumber(v.Text)>d then v.Text=d end;o.Size=UDim2.new((v.Text or 0)/d,0,0,5)r.Position=UDim2.new(1,-2,0,-3)v.Text=tostring(v.Text and math.floor((v.Text/d)*(d-b)+b))pcall(f,v.Text)end)end;function a:Textbox(a,b,d)local e=Instance.new("Frame")local f=Instance.new("UICorner")local g=Instance.new("Frame")local h=Instance.new("UICorner")local i=Instance.new("TextLabel")local j=Instance.new("TextButton")local k=Instance.new("TextBox")local l=Instance.new("UICorner")e.Name="Textbox"e.Parent=c;e.BackgroundColor3=_G.Color;e.BackgroundTransparency=0;e.Size=UDim2.new(0,470,0,31)f.CornerRadius=UDim.new(0,5)f.Name="TextboxCorner"f.Parent=e;g.Name="Textboxx"g.Parent=e;g.BackgroundColor3=Color3.fromRGB(45,45,45)g.Position=UDim2.new(0,1,0,1)g.Size=UDim2.new(0,468,0,29)h.CornerRadius=UDim.new(0,5)h.Name="TextboxxCorner"h.Parent=g;i.Name="TextboxLabel"i.Parent=e;i.BackgroundColor3=Color3.fromRGB(255,255,255)i.BackgroundTransparency=1.000;i.Position=UDim2.new(0,15,0,0)i.Text=a;i.Size=UDim2.new(0,145,0,31)i.Font=Enum.Font.GothamSemibold;i.TextColor3=Color3.fromRGB(225,225,225)i.TextSize=16.000;i.TextTransparency=0;i.TextXAlignment=Enum.TextXAlignment.Left;j.Name="txtbtn"j.Parent=e;j.BackgroundColor3=Color3.fromRGB(255,255,255)j.BackgroundTransparency=1.000;j.Position=UDim2.new(0,1,0,1)j.Size=UDim2.new(0,468,0,29)j.Font=Enum.Font.SourceSans;j.Text=""j.TextColor3=Color3.fromRGB(0,0,0)j.TextSize=14.000;k.Name="RealTextbox"k.Parent=e;k.BackgroundColor3=Color3.fromRGB(35,35,35)k.BackgroundTransparency=0;k.Position=UDim2.new(0,360,0,4)k.Size=UDim2.new(0,100,0,24)k.Font=Enum.Font.GothamSemibold;k.Text=""k.TextColor3=Color3.fromRGB(225,225,225)k.TextSize=11.000;k.TextTransparency=0;k.FocusLost:Connect(function()d(k.Text)if b then k.Text=""end end)l.CornerRadius=UDim.new(0,5)l.Parent=k end;function a:Label(a)local b=Instance.new("TextLabel")local d=Instance.new("UIPadding")local e={}b.Name="Label"b.Parent=c;b.BackgroundColor3=Color3.fromRGB(255,255,255)b.BackgroundTransparency=1.000;b.Size=UDim2.new(0,470,0,20)b.Font=Enum.Font.GothamSemibold;b.TextColor3=Color3.fromRGB(225,225,225)b.TextSize=16.000;b.Text=a;b.TextXAlignment=Enum.TextXAlignment.Left;d.PaddingLeft=UDim.new(0,15)d.Parent=b;d.Name="PaddingLabel"function e:Set(a)b.Text=a end;return e end;function a:Seperator(a)local b=Instance.new("Frame")local d=Instance.new("Frame")local e=Instance.new("TextLabel")local f=Instance.new("Frame")b.Name="Seperator"b.Parent=c;b.BackgroundColor3=Color3.fromRGB(255,255,255)b.BackgroundTransparency=1.000;b.Size=UDim2.new(0,470,0,20)d.Name="Sep1"d.Parent=b;d.BackgroundColor3=_G.Color;d.BorderSizePixel=0;d.Position=UDim2.new(0,0,0,10)d.Size=UDim2.new(0,80,0,1)e.Name="Sep2"e.Parent=b;e.BackgroundColor3=Color3.fromRGB(255,255,255)e.BackgroundTransparency=1.000;e.Position=UDim2.new(0,185,0,0)e.Size=UDim2.new(0,100,0,20)e.Font=Enum.Font.GothamSemibold;e.Text=a;e.TextColor3=Color3.fromRGB(255,255,255)e.TextSize=14.000;f.Name="Sep3"f.Parent=b;f.BackgroundColor3=_G.Color;f.BorderSizePixel=0;f.Position=UDim2.new(0,390,0,10)f.Size=UDim2.new(0,80,0,1)end;function a:Line()local a=Instance.new("Frame")local b=Instance.new("Frame")a.Name="Linee"a.Parent=c;a.BackgroundColor3=Color3.fromRGB(255,255,255)a.BackgroundTransparency=1.000;a.Position=UDim2.new(0,0,0.119999997,0)a.Size=UDim2.new(0,470,0,20)b.Name="Line"b.Parent=a;b.BackgroundColor3=_G.Color;b.BorderSizePixel=0;b.Position=UDim2.new(0,0,0,10)b.Size=UDim2.new(0,470,0,1)end;return a end;return a end;if game.PlaceId==2753915549 then World1=true elseif game.PlaceId==4442272183 then World2=true elseif game.PlaceId==7449423635 then World3=true end;function CheckQuest()MyLevel=game:GetService("Players").LocalPlayer.Data.Level.Value;if World1 then if MyLevel==1 or MyLevel<=9 then Mon="Bandit [Lv. 5]"LevelQuest=1;NameQuest="BanditQuest1"NameMon="Bandit"CFrameQuest=CFrame.new(1059.37195,15.4495068,1550.4231,0.939700544,-0,-0.341998369,0,1,-0,0.341998369,0,0.939700544)elseif MyLevel==10 or MyLevel<=14 then Mon="Monkey [Lv. 14]"LevelQuest=1;NameQuest="JungleQuest"NameMon="Monkey"CFrameQuest=CFrame.new(-1598.08911,35.5501175,153.377838,0,0,1,0,1,-0,-1,0,0)elseif MyLevel==15 or MyLevel<=29 then Mon="Gorilla [Lv. 20]"LevelQuest=2;NameQuest="JungleQuest"NameMon="Gorilla"CFrameQuest=CFrame.new(-1598.08911,35.5501175,153.377838,0,0,1,0,1,-0,-1,0,0)elseif MyLevel==30 or MyLevel<=39 then Mon="Pirate [Lv. 35]"LevelQuest=1;NameQuest="BuggyQuest1"NameMon="Pirate"CFrameQuest=CFrame.new(-1141.07483,4.10001802,3831.5498,0.965929627,-0,-0.258804798,0,1,-0,0.258804798,0,0.965929627)elseif MyLevel==40 or MyLevel<=59 then Mon="Brute [Lv. 45]"LevelQuest=2;NameQuest="BuggyQuest1"NameMon="Brute"CFrameQuest=CFrame.new(-1141.07483,4.10001802,3831.5498,0.965929627,-0,-0.258804798,0,1,-0,0.258804798,0,0.965929627)elseif MyLevel==60 or MyLevel<=74 then Mon="Desert Bandit [Lv. 60]"LevelQuest=1;NameQuest="DesertQuest"NameMon="Desert Bandit"CFrameQuest=CFrame.new(894.488647,5.14000702,4392.43359,0.819155693,-0,-0.573571265,0,1,-0,0.573571265,0,0.819155693)elseif MyLevel==75 or MyLevel<=89 then Mon="Desert Officer [Lv. 70]"LevelQuest=2;NameQuest="DesertQuest"NameMon="Desert Officer"CFrameQuest=CFrame.new(894.488647,5.14000702,4392.43359,0.819155693,-0,-0.573571265,0,1,-0,0.573571265,0,0.819155693)elseif MyLevel==90 or MyLevel<=99 then Mon="Snow Bandit [Lv. 90]"LevelQuest=1;NameQuest="SnowQuest"NameMon="Snow Bandit"CFrameQuest=CFrame.new(1389.74451,88.1519318,-1298.90796,-0.342042685,0,0.939684391,0,1,0,-0.939684391,0,-0.342042685)elseif MyLevel==100 or MyLevel<=119 then Mon="Snowman [Lv. 100]"LevelQuest=2;NameQuest="SnowQuest"NameMon="Snowman"CFrameQuest=CFrame.new(1389.74451,88.1519318,-1298.90796,-0.342042685,0,0.939684391,0,1,0,-0.939684391,0,-0.342042685)elseif MyLevel==120 or MyLevel<=149 then Mon="Chief Petty Officer [Lv. 120]"LevelQuest=1;NameQuest="MarineQuest2"NameMon="Chief Petty Officer"CFrameQuest=CFrame.new(-5039.58643,27.3500385,4324.68018,0,0,-1,0,1,0,1,0,0)elseif MyLevel==150 or MyLevel<=174 then Mon="Sky Bandit [Lv. 150]"LevelQuest=1;NameQuest="SkyQuest"NameMon="Sky Bandit"CFrameQuest=CFrame.new(-4839.53027,716.368591,-2619.44165,0.866007268,0,0.500031412,0,1,0,-0.500031412,0,0.866007268)elseif MyLevel==175 or MyLevel<=189 then Mon="Dark Master [Lv. 175]"LevelQuest=2;NameQuest="SkyQuest"NameMon="Dark Master"CFrameQuest=CFrame.new(-4839.53027,716.368591,-2619.44165,0.866007268,0,0.500031412,0,1,0,-0.500031412,0,0.866007268)elseif MyLevel==190 or MyLevel<=209 then Mon="Prisoner [Lv. 190]"LevelQuest=1;NameQuest="PrisonerQuest"NameMon="Prisoner"CFrameQuest=CFrame.new(5308.93115,1.65517521,475.120514,-0.0894274712,-5.00292918e-09,-0.995993316,1.60817859e-09,1,-5.16744869e-09,0.995993316,-2.06384709e-09,-0.0894274712)elseif MyLevel==210 or MyLevel<=249 then Mon="Dangerous Prisoner [Lv. 210]"LevelQuest=2;NameQuest="PrisonerQuest"NameMon="Dangerous Prisoner"CFrameQuest=CFrame.new(5308.93115,1.65517521,475.120514,-0.0894274712,-5.00292918e-09,-0.995993316,1.60817859e-09,1,-5.16744869e-09,0.995993316,-2.06384709e-09,-0.0894274712)elseif MyLevel==250 or MyLevel<=274 then Mon="Toga Warrior [Lv. 250]"LevelQuest=1;NameQuest="ColosseumQuest"NameMon="Toga Warrior"CFrameQuest=CFrame.new(-1580.04663,6.35000277,-2986.47534,-0.515037298,0,-0.857167721,0,1,0,0.857167721,0,-0.515037298)elseif MyLevel==275 or MyLevel<=299 then Mon="Gladiator [Lv. 275]"LevelQuest=2;NameQuest="ColosseumQuest"NameMon="Gladiator"CFrameQuest=CFrame.new(-1580.04663,6.35000277,-2986.47534,-0.515037298,0,-0.857167721,0,1,0,0.857167721,0,-0.515037298)elseif MyLevel==300 or MyLevel<=324 then Mon="Military Soldier [Lv. 300]"LevelQuest=1;NameQuest="MagmaQuest"NameMon="Military Soldier"CFrameQuest=CFrame.new(-5313.37012,10.9500084,8515.29395,-0.499959469,0,0.866048813,0,1,0,-0.866048813,0,-0.499959469)elseif MyLevel==325 or MyLevel<=374 then Mon="Military Spy [Lv. 325]"LevelQuest=2;NameQuest="MagmaQuest"NameMon="Military Spy"CFrameQuest=CFrame.new(-5313.37012,10.9500084,8515.29395,-0.499959469,0,0.866048813,0,1,0,-0.866048813,0,-0.499959469)elseif MyLevel==375 or MyLevel<=399 then Mon="Fishman Warrior [Lv. 375]"LevelQuest=1;NameQuest="FishmanQuest"NameMon="Fishman Warrior"CFrameQuest=CFrame.new(61122.65234375,18.497442245483,1569.3997802734)if _G.AutoFarm and(CFrameQuest.Position-game.Players.LocalPlayer.Character.HumanoidRootPart.Position).Magnitude>10000 then game:GetService("ReplicatedStorage").Remotes.CommF_:InvokeServer("requestEntrance",Vector3.new(61163.8515625,11.6796875,1819.7841796875))end elseif MyLevel==400 or MyLevel<=449 then Mon="Fishman Commando [Lv. 400]"LevelQuest=2;NameQuest="FishmanQuest"NameMon="Fishman Commando"CFrameQuest=CFrame.new(61122.65234375,18.497442245483,1569.3997802734)if _G.AutoFarm and(CFrameQuest.Position-game.Players.LocalPlayer.Character.HumanoidRootPart.Position).Magnitude>10000 then game:GetService("ReplicatedStorage").Remotes.CommF_:InvokeServer("requestEntrance",Vector3.new(61163.8515625,11.6796875,1819.7841796875))end elseif MyLevel==450 or MyLevel<=474 then Mon="God's Guard [Lv. 450]"LevelQuest=1;NameQuest="SkyExp1Quest"NameMon="God's Guard"CFrameQuest=CFrame.new(-4721.88867,843.874695,-1949.96643,0.996191859,-0,-0.0871884301,0,1,-0,0.0871884301,0,0.996191859)if _G.AutoFarm and(CFrameQuest.Position-game.Players.LocalPlayer.Character.HumanoidRootPart.Position).Magnitude>10000 then game:GetService("ReplicatedStorage").Remotes.CommF_:InvokeServer("requestEntrance",Vector3.new(-4607.82275,872.54248,-1667.55688))end elseif MyLevel==475 or MyLevel<=524 then Mon="Shanda [Lv. 475]"LevelQuest=2;NameQuest="SkyExp1Quest"NameMon="Shanda"CFrameQuest=CFrame.new(-7859.09814,5544.19043,-381.476196,-0.422592998,0,0.906319618,0,1,0,-0.906319618,0,-0.422592998)if _G.AutoFarm and(CFrameQuest.Position-game.Players.LocalPlayer.Character.HumanoidRootPart.Position).Magnitude>10000 then game:GetService("ReplicatedStorage").Remotes.CommF_:InvokeServer("requestEntrance",Vector3.new(-7894.6176757813,5547.1416015625,-380.29119873047))end elseif MyLevel==525 or MyLevel<=549 then Mon="Royal Squad [Lv. 525]"LevelQuest=1;NameQuest="SkyExp2Quest"NameMon="Royal Squad"CFrameQuest=CFrame.new(-7906.81592,5634.6626,-1411.99194,0,0,-1,0,1,0,1,0,0)elseif MyLevel==550 or MyLevel<=624 then Mon="Royal Soldier [Lv. 550]"LevelQuest=2;NameQuest="SkyExp2Quest"NameMon="Royal Soldier"CFrameQuest=CFrame.new(-7906.81592,5634.6626,-1411.99194,0,0,-1,0,1,0,1,0,0)elseif MyLevel==625 or MyLevel<=649 then Mon="Galley Pirate [Lv. 625]"LevelQuest=1;NameQuest="FountainQuest"NameMon="Galley Pirate"CFrameQuest=CFrame.new(5259.81982,37.3500175,4050.0293,0.087131381,0,0.996196866,0,1,0,-0.996196866,0,0.087131381)elseif MyLevel>=650 then Mon="Galley Captain [Lv. 650]"LevelQuest=2;NameQuest="FountainQuest"NameMon="Galley Captain"CFrameQuest=CFrame.new(5259.81982,37.3500175,4050.0293,0.087131381,0,0.996196866,0,1,0,-0.996196866,0,0.087131381)end elseif World2 then if MyLevel==700 or MyLevel<=724 then Mon="Raider [Lv. 700]"LevelQuest=1;NameQuest="Area1Quest"NameMon="Raider"CFrameQuest=CFrame.new(-429.543518,71.7699966,1836.18188,-0.22495985,0,-0.974368095,0,1,0,0.974368095,0,-0.22495985)elseif MyLevel==725 or MyLevel<=774 then Mon="Mercenary [Lv. 725]"LevelQuest=2;NameQuest="Area1Quest"NameMon="Mercenary"CFrameQuest=CFrame.new(-429.543518,71.7699966,1836.18188,-0.22495985,0,-0.974368095,0,1,0,0.974368095,0,-0.22495985)elseif MyLevel==775 or MyLevel<=799 then Mon="Swan Pirate [Lv. 775]"LevelQuest=1;NameQuest="Area2Quest"NameMon="Swan Pirate"CFrameQuest=CFrame.new(638.43811,71.769989,918.282898,0.139203906,0,0.99026376,0,1,0,-0.99026376,0,0.139203906)elseif MyLevel==800 or MyLevel<=874 then Mon="Factory Staff [Lv. 800]"NameQuest="Area2Quest"LevelQuest=2;NameMon="Factory Staff"CFrameQuest=CFrame.new(632.698608,73.1055908,918.666321,-0.0319722369,8.96074881e-10,-0.999488771,1.36326533e-10,1,8.92172336e-10,0.999488771,-1.07732087e-10,-0.0319722369)elseif MyLevel==875 or MyLevel<=899 then Mon="Marine Lieutenant [Lv. 875]"LevelQuest=1;NameQuest="MarineQuest3"NameMon="Marine Lieutenant"CFrameQuest=CFrame.new(-2440.79639,71.7140732,-3216.06812,0.866007268,0,0.500031412,0,1,0,-0.500031412,0,0.866007268)elseif MyLevel==900 or MyLevel<=949 then Mon="Marine Captain [Lv. 900]"LevelQuest=2;NameQuest="MarineQuest3"NameMon="Marine Captain"CFrameQuest=CFrame.new(-2440.79639,71.7140732,-3216.06812,0.866007268,0,0.500031412,0,1,0,-0.500031412,0,0.866007268)elseif MyLevel==950 or MyLevel<=974 then Mon="Zombie [Lv. 950]"LevelQuest=1;NameQuest="ZombieQuest"NameMon="Zombie"CFrameQuest=CFrame.new(-5497.06152,47.5923004,-795.237061,-0.29242146,0,-0.95628953,0,1,0,0.95628953,0,-0.29242146)elseif MyLevel==975 or MyLevel<=999 then Mon="Vampire [Lv. 975]"LevelQuest=2;NameQuest="ZombieQuest"NameMon="Vampire"CFrameQuest=CFrame.new(-5497.06152,47.5923004,-795.237061,-0.29242146,0,-0.95628953,0,1,0,0.95628953,0,-0.29242146)elseif MyLevel==1000 or MyLevel<=1049 then Mon="Snow Trooper [Lv. 1000]"LevelQuest=1;NameQuest="SnowMountainQuest"NameMon="Snow Trooper"CFrameQuest=CFrame.new(609.858826,400.119904,-5372.25928,-0.374604106,0,0.92718488,0,1,0,-0.92718488,0,-0.374604106)elseif MyLevel==1050 or MyLevel<=1099 then Mon="Winter Warrior [Lv. 1050]"LevelQuest=2;NameQuest="SnowMountainQuest"NameMon="Winter Warrior"CFrameQuest=CFrame.new(609.858826,400.119904,-5372.25928,-0.374604106,0,0.92718488,0,1,0,-0.92718488,0,-0.374604106)elseif MyLevel==1100 or MyLevel<=1124 then Mon="Lab Subordinate [Lv. 1100]"LevelQuest=1;NameQuest="IceSideQuest"NameMon="Lab Subordinate"CFrameQuest=CFrame.new(-6064.06885,15.2422857,-4902.97852,0.453972578,-0,-0.891015649,0,1,-0,0.891015649,0,0.453972578)elseif MyLevel==1125 or MyLevel<=1174 then Mon="Horned Warrior [Lv. 1125]"LevelQuest=2;NameQuest="IceSideQuest"NameMon="Horned Warrior"CFrameQuest=CFrame.new(-6064.06885,15.2422857,-4902.97852,0.453972578,-0,-0.891015649,0,1,-0,0.891015649,0,0.453972578)elseif MyLevel==1175 or MyLevel<=1199 then Mon="Magma Ninja [Lv. 1175]"LevelQuest=1;NameQuest="FireSideQuest"NameMon="Magma Ninja"CFrameQuest=CFrame.new(-5428.03174,15.0622921,-5299.43457,-0.882952213,0,0.469463557,0,1,0,-0.469463557,0,-0.882952213)elseif MyLevel==1200 or MyLevel<=1249 then Mon="Lava Pirate [Lv. 1200]"LevelQuest=2;NameQuest="FireSideQuest"NameMon="Lava Pirate"CFrameQuest=CFrame.new(-5428.03174,15.0622921,-5299.43457,-0.882952213,0,0.469463557,0,1,0,-0.469463557,0,-0.882952213)elseif MyLevel==1250 or MyLevel<=1274 then Mon="Ship Deckhand [Lv. 1250]"LevelQuest=1;NameQuest="ShipQuest1"NameMon="Ship Deckhand"CFrameQuest=CFrame.new(1037.80127,125.092171,32911.6016)if _G.AutoFarm and(CFrameQuest.Position-game.Players.LocalPlayer.Character.HumanoidRootPart.Position).Magnitude>10000 then game:GetService("ReplicatedStorage").Remotes.CommF_:InvokeServer("requestEntrance",Vector3.new(923.21252441406,126.9760055542,32852.83203125))end elseif MyLevel==1275 or MyLevel<=1299 then Mon="Ship Engineer [Lv. 1275]"LevelQuest=2;NameQuest="ShipQuest1"NameMon="Ship Engineer"CFrameQuest=CFrame.new(1037.80127,125.092171,32911.6016)if _G.AutoFarm and(CFrameQuest.Position-game.Players.LocalPlayer.Character.HumanoidRootPart.Position).Magnitude>10000 then game:GetService("ReplicatedStorage").Remotes.CommF_:InvokeServer("requestEntrance",Vector3.new(923.21252441406,126.9760055542,32852.83203125))end elseif MyLevel==1300 or MyLevel<=1324 then Mon="Ship Steward [Lv. 1300]"LevelQuest=1;NameQuest="ShipQuest2"NameMon="Ship Steward"CFrameQuest=CFrame.new(968.80957,125.092171,33244.125)if _G.AutoFarm and(CFrameQuest.Position-game.Players.LocalPlayer.Character.HumanoidRootPart.Position).Magnitude>10000 then game:GetService("ReplicatedStorage").Remotes.CommF_:InvokeServer("requestEntrance",Vector3.new(923.21252441406,126.9760055542,32852.83203125))end elseif MyLevel==1325 or MyLevel<=1349 then Mon="Ship Officer [Lv. 1325]"LevelQuest=2;NameQuest="ShipQuest2"NameMon="Ship Officer"CFrameQuest=CFrame.new(968.80957,125.092171,33244.125)if _G.AutoFarm and(CFrameQuest.Position-game.Players.LocalPlayer.Character.HumanoidRootPart.Position).Magnitude>10000 then game:GetService("ReplicatedStorage").Remotes.CommF_:InvokeServer("requestEntrance",Vector3.new(923.21252441406,126.9760055542,32852.83203125))end elseif MyLevel==1350 or MyLevel<=1374 then Mon="Arctic Warrior [Lv. 1350]"LevelQuest=1;NameQuest="FrostQuest"NameMon="Arctic Warrior"CFrameQuest=CFrame.new(5667.6582,26.7997818,-6486.08984,-0.933587909,0,-0.358349502,0,1,0,0.358349502,0,-0.933587909)if _G.AutoFarm and(CFrameQuest.Position-game.Players.LocalPlayer.Character.HumanoidRootPart.Position).Magnitude>10000 then game:GetService("ReplicatedStorage").Remotes.CommF_:InvokeServer("requestEntrance",Vector3.new(-6508.5581054688,5000.034996032715,-132.83953857422))end elseif MyLevel==1375 or MyLevel<=1424 then Mon="Snow Lurker [Lv. 1375]"LevelQuest=2;NameQuest="FrostQuest"NameMon="Snow Lurker"CFrameQuest=CFrame.new(5667.6582,26.7997818,-6486.08984,-0.933587909,0,-0.358349502,0,1,0,0.358349502,0,-0.933587909)elseif MyLevel==1425 or MyLevel<=1449 then Mon="Sea Soldier [Lv. 1425]"LevelQuest=1;NameQuest="ForgottenQuest"NameMon="Sea Soldier"CFrameQuest=CFrame.new(-3054.44458,235.544281,-10142.8193,0.990270376,-0,-0.13915664,0,1,-0,0.13915664,0,0.990270376)elseif MyLevel>=1450 then Mon="Water Fighter [Lv. 1450]"LevelQuest=2;NameQuest="ForgottenQuest"NameMon="Water Fighter"CFrameQuest=CFrame.new(-3054.44458,235.544281,-10142.8193,0.990270376,-0,-0.13915664,0,1,-0,0.13915664,0,0.990270376)end elseif World3 then if MyLevel==1500 or MyLevel<=1524 then Mon="Pirate Millionaire [Lv. 1500]"LevelQuest=1;NameQuest="PiratePortQuest"NameMon="Pirate Millionaire"CFrameQuest=CFrame.new(-290.074677,42.9034653,5581.58984,0.965929627,-0,-0.258804798,0,1,-0,0.258804798,0,0.965929627)elseif MyLevel==1525 or MyLevel<=1574 then Mon="Pistol Billionaire [Lv. 1525]"LevelQuest=2;NameQuest="PiratePortQuest"NameMon="Pistol Billionaire"CFrameQuest=CFrame.new(-290.074677,42.9034653,5581.58984,0.965929627,-0,-0.258804798,0,1,-0,0.258804798,0,0.965929627)elseif MyLevel==1575 or MyLevel<=1599 then Mon="Dragon Crew Warrior [Lv. 1575]"LevelQuest=1;NameQuest="AmazonQuest"NameMon="Dragon Crew Warrior"CFrameQuest=CFrame.new(5832.83594,51.6806107,-1101.51563,0.898790359,-0,-0.438378751,0,1,-0,0.438378751,0,0.898790359)elseif MyLevel==1600 or MyLevel<=1624 then Mon="Dragon Crew Archer [Lv. 1600]"NameQuest="AmazonQuest"LevelQuest=2;NameMon="Dragon Crew Archer"CFrameQuest=CFrame.new(5833.1147460938,51.60498046875,-1103.0693359375)elseif MyLevel==1625 or MyLevel<=1649 then Mon="Female Islander [Lv. 1625]"NameQuest="AmazonQuest2"LevelQuest=1;NameMon="Female Islander"CFrameQuest=CFrame.new(5446.8793945313,601.62945556641,749.45672607422)elseif MyLevel==1650 or MyLevel<=1699 then Mon="Giant Islander [Lv. 1650]"NameQuest="AmazonQuest2"LevelQuest=2;NameMon="Giant Islander"CFrameQuest=CFrame.new(5446.8793945313,601.62945556641,749.45672607422)elseif MyLevel==1700 or MyLevel<=1724 then Mon="Marine Commodore [Lv. 1700]"LevelQuest=1;NameQuest="MarineTreeIsland"NameMon="Marine Commodore"CFrameQuest=CFrame.new(2180.54126,27.8156815,-6741.5498,-0.965929747,0,0.258804798,0,1,0,-0.258804798,0,-0.965929747)elseif MyLevel==1725 or MyLevel<=1774 then Mon="Marine Rear Admiral [Lv. 1725]"NameMon="Marine Rear Admiral"NameQuest="MarineTreeIsland"LevelQuest=2;CFrameQuest=CFrame.new(2179.98828125,28.731239318848,-6740.0551757813)elseif MyLevel==1775 or MyLevel<=1799 then Mon="Fishman Raider [Lv. 1775]"LevelQuest=1;NameQuest="DeepForestIsland3"NameMon="Fishman Raider"CFrameQuest=CFrame.new(-10581.6563,330.872955,-8761.18652,-0.882952213,0,0.469463557,0,1,0,-0.469463557,0,-0.882952213)elseif MyLevel==1800 or MyLevel<=1824 then Mon="Fishman Captain [Lv. 1800]"LevelQuest=2;NameQuest="DeepForestIsland3"NameMon="Fishman Captain"CFrameQuest=CFrame.new(-10581.6563,330.872955,-8761.18652,-0.882952213,0,0.469463557,0,1,0,-0.469463557,0,-0.882952213)elseif MyLevel==1825 or MyLevel<=1849 then Mon="Forest Pirate [Lv. 1825]"LevelQuest=1;NameQuest="DeepForestIsland"NameMon="Forest Pirate"CFrameQuest=CFrame.new(-13234.04,331.488495,-7625.40137,0.707134247,-0,-0.707079291,0,1,-0,0.707079291,0,0.707134247)elseif MyLevel==1850 or MyLevel<=1899 then Mon="Mythological Pirate [Lv. 1850]"LevelQuest=2;NameQuest="DeepForestIsland"NameMon="Mythological Pirate"CFrameQuest=CFrame.new(-13234.04,331.488495,-7625.40137,0.707134247,-0,-0.707079291,0,1,-0,0.707079291,0,0.707134247)elseif MyLevel==1900 or MyLevel<=1924 then Mon="Jungle Pirate [Lv. 1900]"LevelQuest=1;NameQuest="Dee